              precision    recall  f1-score   support

           1     0.8161    0.7396    0.7760        96
          10     0.0000    0.0000    0.0000        15
          11     0.9737    0.8605    0.9136       129
          12     0.6667    0.5556    0.6061        18
          13     0.0000    0.0000    0.0000         8
          14     1.0000    0.6667    0.8000         3
          15     0.0000    0.0000    0.0000         6
          16     0.6667    0.2222    0.3333         9
          17     0.2857    0.5000    0.3636         8
          18     0.3077    0.3810    0.3404        21
          19     1.0000    1.0000    1.0000        14
           2     0.6429    0.4091    0.5000        88
          20     0.9151    0.9880    0.9502      2085
          21     0.6667    0.1935    0.3000        31
          22     0.9275    0.7991    0.8585       224
          23     0.6818    0.4000    0.5042       150
          24     0.2931    0.3469    0.3178        49
          25     0.0000    0.0000    0.0000         3
          26     0.7895    0.7500    0.7692        20
          27     0.0000    0.0000    0.0000         2
          28     0.2000    0.3333    0.2500         6
          29     0.4800    0.3200    0.3840        75
           3     0.8139    0.9085    0.8586       284
          30     0.8750    0.5385    0.6667        13
           4     0.9002    0.9136    0.9069       405
           5     0.6263    0.6458    0.6359        96
           6     0.9286    0.8553    0.8904        76
           7     0.5263    0.5882    0.5556        17
           8     0.9275    0.9014    0.9143        71
           9     0.8466    0.9583    0.8990       144

   micro avg     0.8629    0.8629    0.8629      4166
   macro avg     0.5919    0.5258    0.5431      4166
weighted avg     0.8509    0.8629    0.8518      4166

best_epoch:46
best_acc:92.53152279340446