              precision    recall  f1-score   support

           1     0.8061    0.8229    0.8144        96
          10     0.0000    0.0000    0.0000        15
          11     0.9829    0.8915    0.9350       129
          12     0.5556    0.5556    0.5556        18
          13     0.0000    0.0000    0.0000         8
          14     0.7500    1.0000    0.8571         3
          15     0.0000    0.0000    0.0000         6
          16     0.2500    0.4444    0.3200         9
          17     0.5714    0.5000    0.5333         8
          18     0.4333    0.6190    0.5098        21
          19     0.7778    1.0000    0.8750        14
           2     0.4783    0.3750    0.4204        88
          20     0.9253    0.9808    0.9523      2085
          21     0.5882    0.3226    0.4167        31
          22     0.9406    0.8482    0.8920       224
          23     0.6321    0.4467    0.5234       150
          24     0.4054    0.3061    0.3488        49
          25     0.0000    0.0000    0.0000         3
          26     0.4545    0.7500    0.5660        20
          27     1.0000    1.0000    1.0000         2
          28     0.2308    0.5000    0.3158         6
          29     0.3529    0.2400    0.2857        75
           3     0.8889    0.9014    0.8951       284
          30     0.7273    0.6154    0.6667        13
           4     0.9027    0.9160    0.9093       405
           5     0.6465    0.6667    0.6564        96
           6     0.9821    0.7237    0.8333        76
           7     0.4286    0.5294    0.4737        17
           8     0.8333    0.9155    0.8725        71
           9     0.8874    0.9306    0.9085       144

    accuracy                         0.8646      4166
   macro avg     0.5811    0.5934    0.5779      4166
weighted avg     0.8535    0.8646    0.8563      4166

best_epoch:269
best_acc:86.46183389342295